<?xml version="1.0"?>
<opencv_storage>
  <rvec>
    1.2132920026779175 -1.4771349430084229 1.2775369882583618
   </rvec> 
  <tvec>
    836.6625366210938 85.86837005615234 600.2880859375
  </tvec>
</opencv_storage>
