<?xml version="1.0"?>
<opencv_storage>
  <rvec>
    0.5511789917945862 2.229501962661743 -1.7721869945526123
   </rvec> 
  <tvec>
    55.07157897949219 -213.2444610595703 1992.845703125
  </tvec>
</opencv_storage>
