<?xml version="1.0"?>
<opencv_storage>
  <rvec>
    1.6907379627227783 -0.3968360126018524 0.355197012424469
   </rvec> 
  <tvec>
    -338.5532531738281 62.87659454345703 1044.094482421875
  </tvec>
</opencv_storage>
