<?xml version="1.0"?>
<opencv_storage>
  <rvec>
    1.759099006652832 0.46710100769996643 -0.331699013710022
   </rvec> 
  <tvec>
    -525.8941650390625 45.40763473510742 986.7235107421875
  </tvec>
</opencv_storage>
