<?xml version="1.0"?>
<opencv_storage>
  <rvec>
    1.6647210121154785 0.9668620228767395 -0.6937940120697021
   </rvec> 
  <tvec>
    42.36193084716797 -45.360652923583984 1106.8572998046875
  </tvec>
</opencv_storage>
