<?xml version="1.0"?>
<opencv_storage>
  <rvec>
    1.6439390182495117 1.126188039779663 -0.7273139953613281
   </rvec> 
  <tvec>
    -648.9456787109375 -57.225215911865234 1052.767578125
  </tvec>
</opencv_storage>
