<?xml version="1.0"?>
<opencv_storage>
  <rvec>
    0.6167870163917542 -2.14595890045166 1.6577140092849731
   </rvec> 
  <tvec>
    1195.231201171875 -336.5144958496094 2040.53955078125
  </tvec>
</opencv_storage>
