<?xml version="1.0"?>
<opencv_storage>
<camera_matrix type_id="opencv-matrix">
  <rows>3</rows>
  <cols>3</cols>
  <dt>d</dt>
  <data>1732.4674072265625 0.0 931.2559204101562 0.0 1757.58203125 459.43389892578125 0.0 0.0 1.0</data></camera_matrix>
<distortion_coefficients type_id="opencv-matrix">
  <rows>5</rows>
  <cols>1</cols>
  <dt>d</dt>
  <data>-0.3058120012283325 0.1030540019273758 0.009813999757170677 4.8999998398358e-05 0.15730799734592438</data></distortion_coefficients>
</opencv_storage>
