<?xml version="1.0"?>
<opencv_storage>
<camera_matrix type_id="opencv-matrix">
  <rows>3</rows>
  <cols>3</cols>
  <dt>d</dt>
  <data>1742.977783203125 0.0 1001.0738525390625 0.0 1746.0140380859375 362.4325866699219 0.0 0.0 1.0</data></camera_matrix>
<distortion_coefficients type_id="opencv-matrix">
  <rows>5</rows>
  <cols>1</cols>
  <dt>d</dt>
  <data>-0.3396880030632019 0.44677799940109253 0.028030000627040863 -0.0010710000060498714 -0.5485640168190002</data></distortion_coefficients>
</opencv_storage>
