<?xml version="1.0"?>
<opencv_storage>
<camera_matrix type_id="opencv-matrix">
  <rows>3</rows>
  <cols>3</cols>
  <dt>d</dt>
  <data>1738.7144775390625 0.0 906.56689453125 0.0 1752.8876953125 462.0346374511719 0.0 0.0 1.0</data></camera_matrix>
<distortion_coefficients type_id="opencv-matrix">
  <rows>5</rows>
  <cols>1</cols>
  <dt>d</dt>
  <data>-0.2952420115470886 -0.9262599945068359 0.015855999663472176 -0.0010989999864250422 4.333065986633301</data></distortion_coefficients>
</opencv_storage>
