<?xml version="1.0"?>
<opencv_storage>
<camera_matrix type_id="opencv-matrix">
  <rows>3</rows>
  <cols>3</cols>
  <dt>d</dt>
  <data>1707.266845703125 0.0 978.1306762695312 0.0 1719.0408935546875 417.01922607421875 0.0 0.0 1.0</data></camera_matrix>
<distortion_coefficients type_id="opencv-matrix">
  <rows>5</rows>
  <cols>1</cols>
  <dt>d</dt>
  <data>-0.2190140038728714 -0.31163400411605835 0.008686999790370464 0.0003589999978430569 0.6136000156402588</data></distortion_coefficients>
</opencv_storage>
